function [ out ] = lowercase

%danielprz
letterd =  [0 0 0 0 1 ...
            0 0 0 0 1 ...
            0 0 0 0 1 ...
            0 1 1 1 1 ...
            1 0 0 0 1 ...
            1 0 0 0 1 ...
            0 1 1 1 1 ]';

lettera =  [0 0 0 0 0 ...
            0 0 0 0 0 ...
            0 0 1 1 0 ...
            0 1 0 1 0 ...
            1 0 0 1 0 ...
            1 0 0 1 0 ...
            0 1 1 1 1 ]';

lettern =  [0 0 0 0 0 ...
            0 0 0 0 0 ...
            1 0 1 1 0 ...
            1 1 0 0 1 ...
            1 0 0 0 1 ...
            1 0 0 0 1 ...
            1 0 0 0 1 ]';

letteri =  [0 0 1 0 0 ...
            0 0 0 0 0 ...
            0 1 1 0 0 ...
            0 0 1 0 0 ...
            0 0 1 0 0 ...
            0 0 1 0 0 ...
            0 1 1 1 0 ]';

lettere =  [0 0 0 0 0 ...
            0 0 1 0 0 ...
            0 1 0 1 0 ...
            1 1 1 1 1 ...
            1 0 0 0 0 ...
            1 0 0 0 0 ...
            0 1 1 1 0 ]'; 
        
letterl =  [0 1 1 0 0 ...
            0 0 1 0 0 ...
            0 0 1 0 0 ...
            0 0 1 0 0 ...
            0 0 1 0 0 ...
            0 0 1 0 0 ...
            0 1 1 1 0 ]';

letterp =  [1 1 1 0 0 ...
            1 0 0 1 0 ...
            1 0 0 1 0 ...
            1 1 1 1 0 ...
            1 0 0 0 0 ...
            1 0 0 0 0 ...
            1 0 0 0 0 ]';    
        
letterr =  [0 0 0 0 0 ...
            0 0 0 0 0 ...
            1 0 1 1 0 ...
            1 1 0 0 1 ...
            1 0 0 0 0 ...
            1 0 0 0 0 ...
            1 0 0 0 0 ]';
        
letterz =  [0 0 0 0 0 ...
            0 0 0 0 0 ...
            1 1 1 1 1 ...
            0 0 0 1 0 ...
            0 0 1 0 0 ...
            0 1 0 0 0 ...
            1 1 1 1 1 ]';
        
out = [letterd,lettera,lettern,letteri,lettere,letterl, ...
       letterp,letterr,letterz];
end